0 1 4.0
0 2 5.0
0 3 3.0
0 4 3.0
0 5 3.0
0 6 3.0
0 7 2.0
1 2 6.0
1 3 3.0
1 7 4.0
2 3 3.0
2 7 4.0
3 7 3.0
4 6 2.0
5 6 5.0
8 0 2.0
8 2 5.0
9 2 1.0
10 0 2.0
10 4 3.0
10 5 3.0
11 0 3.0
12 0 1.0
12 3 3.0
13 0 3.0
13 1 5.0
13 2 3.0
13 3 3.0
13 33 3.0
14 32 3.0
14 33 2.0
15 32 3.0
15 33 4.0
16 5 3.0
16 6 3.0
17 0 2.0
17 1 1.0
18 32 1.0
18 33 2.0
19 0 2.0
19 1 2.0
19 33 1.0
21 0 2.0
21 1 2.0
23 25 5.0
23 27 4.0
25 24 2.0
27 2 2.0
27 24 3.0
28 2 2.0
29 23 3.0
29 26 4.0
30 1 2.0
30 32 3.0
30 33 3.0
30 8 3.0
31 0 2.0
31 24 2.0
31 25 7.0
31 28 2.0
31 32 4.0
31 33 4.0
32 20 3.0
32 2 2.0
32 22 2.0
32 23 5.0
32 29 4.0
32 33 5.0
32 8 3.0
33 20 1.0
33 22 3.0
33 23 4.0
33 26 2.0
33 27 4.0
33 28 2.0
33 29 2.0
33 8 4.0
33 9 2.0
